4 Aichi-ken 愛知県 7,416,336 3,705,395 3,710,941 5,617 7,261,8987,410,719 5,165.12 1,435.85 Nagoya-shi
38 Akita-ken 秋田県 1,074,858 504,513 570,345 -11,139 1,071,8481,085,997 11,636.28 92.37 Akita-shi
31 Aomori-ken 青森県 1,362,820 640,699 722,121 -10,519 1,359,5401,373,339 9,644.55 141.30 Aomori-shi
6 Chiba-ken 千葉県 6,214,148 3,095,664 3,118,484 -2,141 6,134,5966,216,289 5,156.61 1,205.08 Chiba-shi
26 Ehime-ken 愛媛県 1,423,406 669,671 753,735 -8,087 1,416,0611,431,493 5,678.33 250.67 Matsuyama-shi
43 Fukui-ken 福井県 802,906 388,396 414,510 -3,408 792,667 806,3144,189.88 191.63 Fukui-shi
9 Fukuoka-ken 福岡県 5,079,291 2,397,299 2,681,992 7,323 5,038,0345,071,968 4,978.51 1,020.24 Fukuoka-shi
20 Fukushima-ken 福島県 1,989,834 967,024 1,022,810 -39,230 1,981,3792,029,064 13,782.76 144.37 Fukushima-shi
17 Gifu-ken 岐阜県 2,070,908 1,002,276 1,068,632 -9,865 2,037,3562,080,773 10,621.17 194.98 Gifu-shi
18 Gunma-ken 群馬県 2,000,514 984,456 1,016,058 -7,554 1,966,3432,008,068 6,362.33 314.43 Maebashi-shi
12 Hiroshima-ken 広島県 2,855,045 1,377,843 1,477,202 -5,705 2,823,6152,860,750 8,479.70 336.69 Hiroshima-shi
8 Hokkaidō 北海道 5,485,952 2,591,405 2,894,547 -20,467 5,467,3265,506,419 83,457.00 65.73 Sapporo-shi
7 Hyōgo-ken 兵庫県 5,581,968 2,669,033 2,912,935 -6,165 5,504,5165,588,133 8,396.16 664.82 Kōbe-shi
11 Ibaraki-ken 茨城県 2,957,706 1,474,297 1,483,409 -12,064 2,918,8422,969,770 6,095.72 485.21 Mito-shi
34 Ishikawa-ken 石川県 1,166,309 563,490 602,819 -3,479 1,156,7711,169,788 4,185.67 278.64 Kanazawa-shi
32 Iwate-ken 岩手県 1,314,076 627,232 686,844 -16,071 1,309,0601,330,147 15,278.89 86.01 Morioka-shi
Japan 日本国 127,798,704 62,183,725 65,614,979 -258,648 126,180,135128,057,352 377,954.84 338.13 Tōkyō
40 Kagawa-ken 香川県 991,947 478,232 513,715 -3,895 985,272 995,8421,876.55 528.60 Takamatsu-shi
24 Kagoshima-ken 鹿児島県 1,698,695 793,523 905,172 -7,547 1,692,8991,706,242 9,188.82 184.87 Kagoshima-shi
2 Kanagawa-ken 神奈川県 9,058,094 4,543,383 4,514,711 9,763 8,934,4239,048,331 2,415.86 3,749.43 Yokohama-shi
23 Kumamoto-ken 熊本県 1,812,575 851,512 961,063 -4,851 1,805,0091,817,426 7,404.79 244.78 Kumamoto-shi
13 Kyōto-fu 京都府 2,631,671 1,262,660 1,369,011 -4,421 2,589,7402,636,092 4,613.21 570.46 Kyōto-shi
45 Kōchi-ken 高知県 758,469 356,257 402,212 -5,987 755,431 764,4567,105.16 106.75 Kōchi-shi
22 Mie-ken 三重県 1,847,223 899,880 947,343 -7,501 1,816,423 1,854,7245,777.31 319.74 Tsu-shi
15 Miyagi-ken 宮城県 2,326,735 1,129,926 1,196,809 -21,430 2,314,7612,348,165 7,285.77 319.35 Sendai-shi
36 Miyazaki-ken 宮崎県 1,130,983 531,007 599,976 -4,250 1,127,0691,135,233 7,735.99 146.20 Miyazaki-shi
16 Nagano-ken 長野県 2,142,167 1,041,409 1,100,758 -10,282 2,115,3292,152,449 13,562.23 157.95 Nagano-shi
27 Nagasaki-ken 長崎県 1,417,423 661,501 755,922 -9,356 1,411,2611,426,779 4,105.47 345.25 Nagasaki-shi
30 Nara-ken 奈良県 1,395,845 660,457 735,388 -4,883 1,386,6941,400,728 3,691.09 378.17 Nara-shi
14 Niigata-ken 新潟県 2,362,158 1,142,365 1,219,793 -12,292 2,350,7862,374,450 12,583.83 187.71 Niigata-shi
21 Okayama-ken 岡山県 1,940,559 930,802 1,009,757 -4,717 1,922,4571,945,276 7,113.23 272.81 Okayama-shi
29 Okinawa-ken 沖縄県 1,401,066 687,245 713,821 8,248 1,393,4511,392,818 2,276.49 615.45 Naha-shi
42 Saga-ken 佐賀県 846,787 398,758 448,029 -3,001 843,185 849,7882,439.65 347.09 Saga-shi
5 Saitama-ken 埼玉県 7,207,139 3,612,453 3,594,686 12,583 7,117,4937,194,556 3,798.08 1,897.57 Saitama-shi
28 Shiga-ken 滋賀県 1,413,513 698,387 715,126 2,736 1,393,6831,410,777 4,017.36 351.85 Ōtsu-shi
46 Shimane-ken 島根県 712,292 340,649 371,643 -5,105 707,588 717,3976,707.96 106.19 Matsue-shi
10 Shizuoka-ken 静岡県 3,749,274 1,846,407 1,902,867 -15,733 3,694,0143,765,007 7,780.50 481.88 Shizuoka-shi
19 Tochigi-ken 栃木県 2,000,010 993,515 1,006,495 -7,673 1,974,6392,007,683 6,408.28 312.10 Utsunomiya-shi
44 Tokushima-ken 徳島県 780,236 370,323 409,913 -5,255 776,346 785,4914,146.74 188.16 Tokushima-shi
47 Tottori-ken 鳥取県 585,494 279,362 306,132 -3,173 582,023 588,6673,507.28 166.94 Tottori-shi
37 Toyama-ken 富山県 1,087,745 524,274 563,471 -5,502 1,077,2031,093,247 4,247.61 256.08 Toyama-shi
1 Tōkyō-to 東京都 13,195,974 6,523,551 6,672,423 36,586 12,869,20513,159,388 2,188.67 6,029.22 Shinjuku-ku, Tōkyō-to
39 Wakayama-ken 和歌山県 995,010 467,776 527,234 -7,188 990,2881,002,198 4,726.29 210.53 Wakayama-shi
35 Yamagata-ken 山形県 1,161,214 557,200 604,014 -7,710 1,155,5651,168,924 9,323.46 124.55 Yamagata-shi
25 Yamaguchi-ken 山口県 1,442,428 680,028 762,400 -8,910 1,430,6831,451,338 6,114.09 235.92 Yamaguchi-shi
41 Yamanashi-ken 山梨県 857,459 419,666 437,793 -5,616 845,769 863,0754,465.37 192.02 Kōfu-shi
33 Ōita-ken 大分県 1,191,430 562,753 628,677 -5,099 1,182,9851,196,529 6,339.74 187.93 Ōita-shi
3 Ōsaka-fu 大阪府 8,861,012 4,279,771 4,581,241 -4,233 8,698,6098,865,245 1,899.28 4,665.46 Ō
